R = [6, 8, 5, 6, 6, 6, 5, 5, 6, 6, 6, 6, 8, 5, 8, 5, 6, 9, 5, 8, 5, 9, 8, 6, 5, 6, 6, 5, 8, 5, 5, 5, 5, 6, 8, 8, 6, 6, 8, 8, 6, 6, 8, 8, 6, 5, 5, 5, 8, 8, 8, 9, 8, 6, 9, 8, 6, 5, 5, 5, 8, 5, 6, 6, 5, 8, 5, 5, 6, 8, 8, 8, 6, 8, 6, 5, 8, 8, 5, 8, 6, 6, 8, 8, 6, 8, 6, 6, 6, 5, 5, 5, 8, 6, 5, 6, 8, 5, 5, 8, 8, 8, 6, 8, 8, 6, 6, 8, 6, 5, 8, 6, 6, 8, 5, 5, 5, 6, 6, 8, 8, 5, 6, 5, 5, 5, 6, 5, 8, 6, 6, 6, 6, 5, 6, 5, 8, 8, 8, 8, 8, 8, 8, 6, 6, 6, 8, 6, 5, 6, 6, 8, 8, 6, 6, 8, 8, 8, 8, 6, 8, 5, 8, 6, 6, 8, 6, 8, 6, 8, 5, 8, 8, 5, 6, 8, 6, 8, 8, 5, 6, 6, 8, 8, 8, 6, 8, 8, 5, 8, 5, 5, 5, 5, 8, 8, 5, 6, 8, 6, 6, 6, 8, 8, 6, 6, 6, 6, 6, 5, 8, 5, 6, 8, 8, 6, 8, 5, 5, 5, 5, 8, 6, 6, 8, 5, 5, 6, 6, 5, 6, 6, 6, 8, 5, 6, 8, 5, 5, 5, 8, 8, 6, 8, 6, 8, 8, 8, 5, 8, 8, 8, 6, 8, 5, 8, 8, 8, 5, 8, 6, 6, 6, 8, 5, 5, 8, 8, 8, 5, 8, 6, 6, 6, 6, 8, 5, 6, 8, 6, 8, 6, 8, 6, 5, 8, 8, 6, 6, 6, 8, 6, 8, 8, 8, 5, 5, 5, 9, 8, 8, 8, 8, 6, 6, 6, 8, 8, 6, 6, 5, 5, 5, 6, 5, 8, 5, 8, 5, 8, 5, 5, 6, 5, 8, 8, 5, 6, 9, 5, 6, 8, 8, 5, 5, 5, 5, 5, 5, 5, 8, 8, 6, 6, 8, 5, 6, 8, 6, 8, 6, 6, 6, 6, 6, 8, 6, 8, 8, 8, 5, 8, 8, 8, 6, 8, 6, 5, 6, 6, 5, 8, 6, 5, 8, 6, 8, 5, 8, 8, 5, 6, 6, 8, 6, 8, 6, 6, 6, 8, 8, 6, 8, 6, 6, 6, 6, 6, 5, 6, 8, 8, 8, 6, 5, 5, 5, 5, 5, 8, 6, 5, 8, 5, 5, 6, 8, 5, 5, 6, 8, 6, 6, 5, 5, 6, 8, 6, 6, 6, 6, 8, 8, 6, 6, 8, 6, 5, 8, 5, 6, 8, 5, 6, 6, 6, 8, 8, 6, 5, 8, 6, 6, 8, 6, 8, 8, 6, 6, 5, 8, 8, 8, 5, 8, 6, 6, 6, 8, 8, 6, 6, 8, 5, 8, 5, 5, 8, 6, 5, 8, 8, 8, 8, 8, 5, 6, 8, 5, 6, 8, 8, 8, 5, 5, 6, 8, 6, 8, 5]

mean = 6.532
dispersion = 1.5969760000000042
hi2_theor = 9.487    hi2_real = 1907.1164588303511
